500
4 999999999 3 999999998
999999999 100 3 1
100 3 1 2
1000000000 4 2 3
803061495 4 3 3
100 4 2 3
999999999 100 3 89
999999999 999999999 1 1
100 100 99 3
1000000000 352351844 795508322 1
4 999999999 2 1
3 999999999 1 3
4 1000000000 1 2
1000000000 748176992 2 3
474573491 100 2 2
999999999 999999999 3 361042743
4 100 1 99
4 100 3 99
4 1000000000 1 809590669
1000000000 1000000000 3 999999999
100 100 99 99
2 999999999 1 235322552
100 999999999 1 1
100 999999999 1 3
100 1000000000 99 3
100 3 3 2
999999999 100 3 3
100 2 99 1
1000000000 100 99694839 3
4 100 1 2
452792670 1000000000 2 115192647
697757447 999999999 3 614333645
1000000000 1000000000 1 999999999
100 1000000000 99 1
100 100 3 99
1000000000 4 1 3
999999999 1000000000 999999998 999999999
999999999 1000000000 2 3
4 1000000000 2 812085677
1000000000 3 999999999 1
1000000000 100 1 3
543390985 2 25843304 1
100 1000000000 2 2
998645846 2 2 1
704993648 595827515 1 3
2 999999999 1 1
1000000000 999999999 999999999 3
100 1000000000 3 1
3 387806766 2 3
1000000000 100 2 1
402854259 831040336 3 3
1000000000 916764387 127932786 3
999999999 1000000000 534911742 345724526
3 2 2 1
1000000000 999999999 3 999999998
76553835 3 3 2
406955220 100 2 1
4 2 1 1
100 999999999 3 3
100 999999999 2 1
3 348674172 2 208198940
4 314723735 2 2
999999999 999999999 3 999999998
1000000000 2 2 1
4 3 1 1
1000000000 999999999 90055928 1
1000000000 1000000000 999999999 2
1000000000 100 2 2
515006471 3 3 2
621335426 20082604 2 3
999999999 100 1 99
804684832 197217720 1 153175513
3 565428755 1 2
586838884 999999999 2 2
100 1000000000 2 1
699118378 100 371255050 53
4 4 1 3
630783940 100 3 2
427727826 1000000000 3 1
999999999 100 999999998 2
688697997 456509775 2 1
999999999 1000000000 999999998 1
1000000000 100 1 99
999999999 3 1 2
100 100 2 99
100 4 2 1
2 243229745 1 59406209
1000000000 100 2 27
3 811153361 1 12686097
160776118 100 1 1
999999999 100 999999998 99
1000000000 3 198570665 2
100 999999999 1 4861357
1000000000 100 3 3
100 1000000000 1 999999999
4 345870621 1 11170728
632200338 3 1 2
999999999 100 3 2
1000000000 100 3 32
2 999999999 1 999999998
372315310 428364244 1 1
1000000000 3 3 1
1000000000 999999999 1 999999998
4 100 2 1
100 100 1 3
365482087 971250614 97597 28576180
100 3 99 2
3 1000000000 2 1
3 1000000000 1 999999999
999999999 999999999 3 97982365
999999999 3 3 1
100 999999999 3 2
4 100 1 40
100 999999999 2 3
100 100 3 48
569981406 4 2 2
999999999 100 2 99
999999999 100 1 3
3 1000000000 1 2
3 190048202 1 3
999999999 2 2 1
1000000000 1000000000 999999999 999999999
4 4 3 2
38475058 4 38289611 2
999999999 999999999 470395372 2
100 999999999 99 1
999999999 1000000000 3 780175482
999999999 1000000000 38408940 1
100 4 1 1
3 4 1 2
4 1000000000 2 999999999
3 100 1 64
1000000000 100 3 1
1000000000 723284552 647366837 1
999999999 4 618409559 1
4 999999999 2 2
3 100 1 2
351511977 1000000000 3 1
100 999999999 99 3
1000000000 999999999 1 3
1000000000 1000000000 1 3
100 4 3 3
404696558 1000000000 344580310 355699065
3 49194494 2 1
999999999 396025382 2 2
1000000000 3 2 2
1000000000 527180352 2 1
999999999 999999999 2 2
999999999 999999999 999999998 999999998
100 397986566 65 2
3 1000000000 2 174737436
4 100 1 1
999999999 100 1 92
216458893 858261817 2 730048733
4 4 2 3
4 999999999 1 999999998
1000000000 1000000000 3 1
4 1000000000 1 999999999
4 4 1 2
999999999 1000000000 3 233117279
999999999 4 1 2
377173489 999999999 3 1
713458743 999999999 1 232415301
2 3 1 1
100 3 2 1
70829133 100 3 26
900930753 3 3 1
19089712 3 3 1
3 4 2 2
1000000000 4 3 1
1000000000 4 3 3
1000000000 1000000000 3 3
4 142306207 2 3
999999999 4 37069733 2
135818523 100 127108945 1
4 999999999 3 1
241065083 1000000000 1 1
2 1000000000 1 3
3 3 2 1
999999999 1000000000 2 2
999999999 1000000000 2 999999999
999999999 999999999 3 3
999999999 3 2 1
999999999 999999999 3 1
100 4 84 3
4 100 3 1
999999999 4 1 3
3 4 1 1
999999999 1000000000 2 724564983
4 1000000000 2 2
100 999999999 43 2
4 1000000000 3 3
4 3 3 2
4 3 2 1
999999999 1000000000 3 1
1000000000 1000000000 1 2
4 100 3 3
2 999999999 1 3
100 3 3 1
1000000000 999999999 3 3
100 3 1 1
3 999999999 2 1
999999999 999999999 3 2
904027769 100 278679397 3
207868204 1000000000 2 225202610
4 4 3 1
100 3 2 2
2 100 1 99
999999999 1000000000 2 1
100 1000000000 1 3
3 3 2 2
259765240 2 1 1
999999999 100 1 1
2 100 1 1
100 100 99 2
100 1000000000 3 999999999
3 637320062 1 460765579
3 999999999 2 999999998
100 999999999 99 999999998
1000000000 889034323 2 585497466
2 2 1 1
100 102245557 1 1
100 1000000000 2 3
100 4 99 3
2 1000000000 1 1
100 100 2 2
159636198 2 132750702 1
100 999999999 3 607160337
1000000000 100 1 1
914040527 100 1 2
100 305987626 2 48247012
4 292678792 1 2
1000000000 999999999 2 2
3 4 2 3
999999999 999999999 2 999999998
770491971 1000000000 3 1
1000000000 1000000000 1 4469475
999999999 4 1 1
100 4 1 2
999999999 999999999 2 1
100 999999999 3 999999998
1000000000 999999999 1 2
1000000000 999999999 999999999 2
4 2 3 1
2 590064564 1 410727603
4 1000000000 2 3
126406469 999999999 3 3
251333014 100 1 2
1000000000 4 999999999 3
1000000000 4 999999999 2
4 1000000000 1 3
499812538 999999999 1 1
4 100 2 2
100 4 3 2
999999999 4 999999998 3
3 1000000000 1 3
3 100 1 99
513324740 2 1 1
4 3 1 2
1000000000 4 606716047 3
999999999 1000000000 1 2
1000000000 999999999 3 1
100 4 1 3
999999999 4 3 3
779009402 100 3 3
1000000000 3 1 1
1000000000 84082569 375561153 2
1000000000 3 3 2
3 1000000000 2 2
3 1000000000 2 3
2 100 1 2
1000000000 293794518 859896680 2
3 100 2 2
4 21218471 2 2
3 1000000000 2 999999999
3 4 1 3
820459816 1000000000 228363612 2
1000000000 100 2 99
400638252 4 3 2
1000000000 100 999999999 2
100 100 1 99
4 100 2 71
100 2 3 1
999999999 999999999 1 999999998
2 43534587 1 1
1000000000 4 999999999 1
1000000000 999999999 999999999 1
100 1000000000 1 1
4 999999999 3 2
999999999 153855548 3 2
100 3 99 1
1000000000 3 2 1
2 1000000000 1 999999999
2 4 1 1
349725997 3 3 2
1000000000 2 1 1
475576299 79599546 62711377 1
1000000000 1000000000 1 1
999999999 2 3 1
422251405 1000000000 332267304 3
1000000000 100 3 99
100 999999999 2 999999998
163592637 549432548 2 110629430
900200350 242692999 164767257 3
4 1000000000 3 1
100 1000000000 99 2
999999999 100 2 11
1000000000 999999999 2 3
999999999 100 999999998 1
880984255 1000000000 1 3
4 773392332 2 3
100 999999999 57 187975571
4 410312616 3 176330867
1000000000 1000000000 990110168 2
3 1000000000 1 859457977
671771882 1000000000 458242975 1
3 100 1 1
1000000000 999999999 3 2
999999999 489345280 108542079 3
100 100 1 2
1000000000 1000000000 999999999 3
3 999999999 2 478452455
3 999999999 1 419422452
999999999 999999999 999999998 3
100 100 1 1
999999999 1000000000 488516079 1
999999999 100 2 2
100 999999999 5 3
999999999 4 999999998 1
4 100 2 3
903145896 4 200741956 3
3 999999999 1 2
999999999 3 2 2
1000000000 999999999 2 47219043
999999999 3 132294377 2
999999999 4 2 1
1000000000 2 999999999 1
2 1000000000 1 2
201238540 100 49757290 14
999999999 4 90975763 3
100 4 99 1
3 100 2 3
4 783105139 2 2
4 4 1 1
1000000000 999999999 1 1
3 1000000000 1 1
100 100 2 3
1000000000 3 1 2
1000000000 999999999 999999999 999999998
999999999 100 999999998 3
4 999999999 2 999999998
1000000000 999999999 2 999999998
999999999 100 3 99
1000000000 100 3 2
999999999 1000000000 1 3
100 1000000000 1 2
999999999 1000000000 3 2
100 999999999 99 2
4 1000000000 3 999999999
4 100 1 3
100 999999999 3 1
4 2 2 1
1000000000 4 1 2
946260157 2 1 1
702326696 999999999 3 1
100 999999999 72 3
1000000000 100 2 3
100 2 9 1
3 100 1 3
4 999999999 3 3
100 100 3 2
100 1000000000 3 2
4 999999999 1 2
100 1000000000 2 999999999
1000000000 1000000000 2 1
2 4 1 2
999999999 3 999999998 2
1000000000 4 2 2
1000000000 100 1 2
407111787 999999999 158724311 2
163708539 999999999 3 3
1000000000 4 2 1
1000000000 1000000000 301408972 2
100 1000000000 3 3
999999999 1000000000 3 3
100 1000000000 99 999999999
999999999 4 999999998 2
999999999 100 2 3
999999999 1000000000 3 999999999
3 1000000000 1 197472206
999999999 999999999 1 3
100 2 2 1
100 4 99 2
4 308024713 3 2
1000000000 100 75322340 3
4 1000000000 1 1
999999999 3 1 1
2 3 1 2
268284003 3 3 1
999999999 4 627313199 3
100 4 2 2
999999999 1000000000 1 1
4 3 3 1
999999999 4 888595089 3
3 525092475 2 3
1000000000 100 999999999 1
3 3 1 2
1000000000 2 592728920 1
4 999999999 1 1
271589777 216429783 1 1
3 4 2 1
4 4 3 3
100 999999999 1 2
999999999 4 2 3
1000000000 1000000000 2 999999999
100 2 1 1
189832940 1000000000 2 3
999999999 999999999 999999998 2
3 999999999 2 2
999999999 1000000000 999999998 2
2 4 1 3
100 100 99 1
999999999 734992451 64730372 1
1000000000 1000000000 2 2
999999999 2 1 1
997867345 170075009 374134420 2
4 100 2 99
100 4 3 1
4 3 2 2
543383962 764857696 2 41522173
4 999999999 2 471976874
1000000000 2 3 1
1000000000 100 999999999 99
992439437 2 2 1
999999999 3 999999998 1
4 100 3 2
57695794 1000000000 17394064 1
4 625855660 3 1
999999999 999999999 2 3
1000000000 100 999999999 3
4 999999999 1 3
1000000000 999999999 313743023 2
999999999 2 999999998 1
100 100 3 1
999999999 4 3 2
3 999999999 2 217585714
1000000000 999999999 2 1
100 3 98 2
588175668 2 2 1
1000000000 1000000000 3 2
576202195 4 1 2
999999999 100 2 1
1000000000 3 999999999 2
3 100 2 99
826551905 100 1 49
999999999 1000000000 141127510 2
1000000000 4 3 2
100 100 3 3
4 1000000000 3 2
999999999 1000000000 999999998 3
999999999 3 3 2
999999999 999999999 1 2
606735969 100 574575067 9
100 999999999 2 2
1000000000 1000000000 999999999 1
100 999999999 1 913663288
100 100 2 1
977912389 734778827 532290378 1
3 131597407 2 130390896
1000000000 1000000000 2 3
3 982500203 1 839934728
2 999999999 1 354427649
999999999 999999999 999999998 1
204388631 3 2 2
4 100 2 31
3 999999999 1 999999998
1000000000 4 1 1
4 1000000000 2 1
999999999 4 3 1
205684158 100 1 3
999999999 4 2 2
142421367 2 48241495 1
2 100 1 3
4 999999999 2 3
4 4 2 1
3 3 1 1
3 999999999 1 1
755742919 1000000000 2 2
999999999 1000000000 1 999999999
100 999999999 83 1
3 100 2 1
2 999999999 1 2
66434218 3 2 2
100 999999999 1 999999998
4 100 2 91
3 999999999 2 3
4 4 2 2
3 2 1 1
999999999 100 1 2
4 1000000000 2 374349453
